cam_number: 6
fx: 567.720776478944
fy: 577.2136917114258
k1: -0.028873818023371287
k2: 0.0006023302214797655
k3: 0.0039573086622276855
k4: -0.005047176298643093
k5: 0.0
pitch_ldr2cam: -0.3
px: 628.720776478944
py: 369.3068656921387
roll_ldr2cam: 88.80000000000005
x_ldr2cam: -0.18000000000000002
y_ldr2cam: -0.24
yaw_ldr2cam: -91.4000000000001
z_ldr2cam: -0.4999999999999998
