cam_number: 1
fx: 567.720776478944
fy: 577.2136917114258
k1: -0.028873818023371287
k2: 0.0006023302214797655
k3: 0.0039573086622276855
k4: -0.005047176298643093
k5: 0.0
pitch_ldr2cam: 0.59
px: 628.720776478944
py: 369.3068656921387
roll_ldr2cam: 89.4
x_ldr2cam: 0.09999999999999996
y_ldr2cam: -0.15000000000000002
yaw_ldr2cam: 88.6
z_ldr2cam: -0.02
