cam_number: 2
fx: 567.720776478944
fy: 577.2136917114258
k1: -0.028873818023371287
k2: 0.0006023302214797655
k3: 0.0039573086622276855
k4: -0.005047176298643093
k5: 0.0
pitch_ldr2cam: 0.59
px: 628.720776478944
py: 369.3068656921387
roll_ldr2cam: 88.40000000000006
x_ldr2cam: -0.07000000000000003
y_ldr2cam: -0.20000000000000007
yaw_ldr2cam: 88.6
z_ldr2cam: -0.02
