cam_number: 8
fx: 567.720776478944
fy: 577.2136917114258
k1: -0.028873818023371287
k2: 0.0006023302214797655
k3: 0.0039573086622276855
k4: -0.005047176298643093
k5: 0.0
pitch_ldr2cam: -0.5
px: 628.720776478944
py: 369.3068656921387
roll_ldr2cam: 98.69999999999999
x_ldr2cam: -0.01000000000000001
y_ldr2cam: -0.13999999999999999
yaw_ldr2cam: -2.0000000000000027
z_ldr2cam: -0.45
