cam_number: 2
fx: 567.720776478944
fy: 577.2136917114258
k1: -0.028873818023371287
k2: 0.0006023302214797655
k3: 0.0039573086622276855
k4: -0.005047176298643093
k5: 0.0
pitch_ldr2cam: -0.2
px: 628.720776478944
py: 369.3068656921387
roll_ldr2cam: 88.80000000000003
x_ldr2cam: 0.12
y_ldr2cam: -0.19000000000000003
yaw_ldr2cam: 88.39999999999998
z_ldr2cam: -0.019999999999999803
