cam_number: 8
fx: 567.720776478944
fy: 577.2136917114258
k1: -0.028873818023371287
k2: 0.0006023302214797655
k3: 0.0039573086622276855
k4: -0.005047176298643093
k5: 0.0
pitch_ldr2cam: -0.5
px: 628.720776478944
py: 369.3068656921387
roll_ldr2cam: 99.19999999999996
x_ldr2cam: -0.25000000000000006
y_ldr2cam: -0.0
yaw_ldr2cam: -3.800000000000002
z_ldr2cam: -0.35
