cam_number: 2
fx: 567.720776478944
fy: 577.2136917114258
k1: -0.028873818023371287
k2: 0.0006023302214797655
k3: 0.0039573086622276855
k4: -0.005047176298643093
k5: 0.0
pitch_ldr2cam: 0.0
px: 628.720776478944
py: 369.3068656921387
roll_ldr2cam: 89.00000000000003
x_ldr2cam: 0.18
y_ldr2cam: -0.17000000000000004
yaw_ldr2cam: 88.5
z_ldr2cam: -0.02
